@Using Triangular Membership Functions as antecedent fuzzy sets

@Number of Labels in Variable 1: 5
sepalLength:
L_0(5): (3.846124184948674,4.746124184948674,5.6461241849486745)
L_1(5): (4.309328554532515,5.209328554532515,6.109328554532515)
L_2(5): (5.016463748236653,5.916463748236652,6.816463748236653)
L_3(5): (6.187423106674619,7.08742310667462,7.98742310667462)
L_4(5): (7.267178169354133,8.167178169354132,9.067178169354133)


@Number of Labels in Variable 2: 5
sepalWidth:
L_0(5): (1.276739617122865,1.8767396171228652,2.4767396171228655)
L_1(5): (2.0357466806889413,2.6357466806889414,3.2357466806889414)
L_2(5): (2.354854638208726,2.954854638208726,3.554854638208726)
L_3(5): (3.2155500497778626,3.8155500497778627,4.415550049777862)
L_4(5): (3.920320448473513,4.520320448473513,5.120320448473513)


@Number of Labels in Variable 3: 5
petalLength:
L_0(5): (-0.6455285462288035,0.8294714537711966,2.3044714537711966)
L_1(5): (0.710301343628831,2.185301343628831,3.660301343628831)
L_2(5): (2.7193265102210433,4.194326510221043,5.669326510221044)
L_3(5): (3.9027392909413052,5.377739290941306,6.852739290941305)
L_4(5): (5.919792323883814,7.394792323883814,8.869792323883814)


@Number of Labels in Variable 4: 5
petalWidth:
L_0(5): (-0.5827503585380537,0.01724964146194631,0.6172496414619463)
L_1(5): (0.3950426219560408,0.9950426219560408,1.5950426219560407)
L_2(5): (0.9006205260362453,1.5006205260362453,2.1006205260362454)
L_3(5): (1.3448461741534512,1.944846174153451,2.544846174153451)
L_4(5): (1.6257319927391196,2.22573199273912,2.8257319927391196)


@Values of the exponents of the classes:
Class 1: 1.474069703987155
Class 2: 0.29249055345389624
Class 3: 0.5286754406241845
